chr14B	3210826	3214382	ID=FUN_019614	2.75	0	48.9	15.62	25.49	10.21	9.27
chr14B	7224414	7224638	ID=FUN_019718	0.02	0	0	0	0	0.1	0.15
chr14B	9643506	9643820	ID=FUN_024415	0	76.85	504.62	750.81	801.96	286.43	187.35
chr14B	10590417	10592981	ID=FUN_019791	0	9.18	634.26	271.22	35.29	19.01	12.52
chr14B	11427839	11430064	ID=FUN_019815	0	10.76	183.03	198.95	58.85	44.43	12.78
chr14B	15279521	15280295	ID=FUN_019917	0	0	0	2.07	0	0.09	0
chr14B	15938828	15943190	ID=FUN_019934	43.07	52.04	59.03	69.99	133.02	137.07	131.49
chr14B	17285553	17288408	ID=FUN_019978	0.01	0	1.45	4.58	16.91	3.16	2.39
chr14B	18847710	18848509	ID=FUN_020019	0	0	0	0	0	0	0
chr14B	19304028	19304673	ID=FUN_020030	0.8	25.32	104.28	144	168.98	28.86	29.08
chr14B	21576558	21577907	ID=FUN_020083	3079.86	3935.83	2376.03	40.98	1485.07	2630.89	2774.64
chr14B	23300448	23301709	ID=FUN_020123	3.44	3.06	0	1.57	3.1	7.62	8.12
chr14B	27072696	27074977	ID=FUN_020207	0.12	0	7.13	2.03	10.24	2.33	1.44
chr14B	28293244	28294085	ID=FUN_020238	0.03	0	0	0.32	0.4	0.59	0.31
chr14B	31962078	31964865	ID=FUN_020327	22.26	46.87	7.09	17.76	45.87	27.88	31.17
chr14B	33194717	33195209	ID=FUN_020359	0	0	0	0	0.25	0.18	0
chr14B	33243719	33244450	ID=FUN_020360	442.79	616.8	1296.63	4454.42	2796.4	968.36	519.72
chr14B	33258249	33258741	ID=FUN_020361	0	0	0	0	0	0	0
