chr14A	2434443	2435976	ID=FUN_018779	0.03	21.26	0.00	5.71	197.69	12.52	105.01
chr14A	3117228	3120784	ID=FUN_018798	2.46	0.00	43.81	15.48	25.58	9.69	8.81
chr14A	6957665	6957889	ID=FUN_018910	0.02	0.00	0.00	0.00	0.00	0.10	0.15
chr14A	9314643	9314957	ID=FUN_023436	0.00	68.20	447.96	745.26	816.30	272.17	177.32
chr14A	10256445	10259009	ID=FUN_018980	0.00	8.07	566.16	268.65	35.88	18.06	11.85
chr14A	11076194	11078419	ID=FUN_019004	0.00	9.31	159.35	195.12	58.61	41.55	11.78
chr14A	16877820	16880671	ID=FUN_019151	0.01	0.00	1.31	4.54	17.26	3.01	2.27
chr14A	18406449	18407222	ID=FUN_019186	0.00	0.00	0.00	0.00	0.00	0.00	0.00
chr14A	21217106	21218455	ID=FUN_019246	2909.65	3674.70	2235.83	42.48	1599.35	2630.70	2733.04
chr14A	22993248	22993922	ID=FUN_019279	6.24	5.70	0.00	0.00	5.95	14.29	14.57
chr14A	26804519	26806797	ID=FUN_019355	0.12	0.00	6.92	2.20	10.51	2.25	1.46
chr14A	28047236	28048095	ID=FUN_019383	0.03	0.00	0.00	0.31	0.41	0.56	0.23
chr14A	29956554	29957428	ID=FUN_019441	0.07	0.00	0.00	0.00	0.00	0.00	0.15
chr14A	31573788	31577670	ID=FUN_019469	18.00	32.36	4.28	14.55	34.37	23.28	24.36
chr14A	32732435	32733407	ID=FUN_019490	585.61	796.50	1748.16	5604.92	3653.82	1360.58	649.92
